60
56
45
54
42
34
52
53
48
52
48
46
60
51
71
58
58
53
73
46
45
49
46
50
47
45
43
55
53
51
53
55
55
56
56
53
50
55
56
59
61
58
60
51
52
57
55
55
57
57
59
59
54
59
60
60
56
56
60
60
52
60
53
58
60
60
58
60
92
53
57
56
59
59
54
60
59
54
60
60
60
90
54
60
57
60
58
59
58
59
57
60
60
60
77
49
47
42
48
45
45
38
47
47
48
44
40
38
44
39
40
44
45
51
44
45
42
46
39
43
42
44
44
44
44
44
44
44
44
44
44
42
41
41
42
43
41
42
41
42
41
42
43
42
42
42
42
42
42
42
44
43
42
42
42
43
42
42
42
43
46
42
42
42
41
41
41
42
42
41
44
51
46
49
42
48
45
47
45
49
50
57
56
56
55
57
57
55
56
57
58
59
59
60
58
59
58
60
59
60