54
50
52
47
49
53
51
49
55
49
50
50
56
44
44
43
44
44
46
43
45
42
45
46
48
44
43
43
42
43
43
43
43
42
43
43
43
43
43
43
43
42
43
43
43
43
43
44
43
43
43
43
43
43
43
43
43
43
43
43
43
43
43
43
43
43
43
43
43
43
43
43
43
43
43
43
43
43
43
43
43
43
48
49
49
48
50
50
48
51
50
55
54
50
58
53
47
63
54
47
50
46
45
48
47
46
48
42
41
51
49
48
46
42
41
42
46
46
41
39
43
40
38
36
61
44
47
44
40
43
44
44
37
45
32
35
34
31
29
31
29
29
27
30
30
27
37
56
31
59
58
55
58
58
58
60
55
56
54
56
60
61
61
60
57
60
59
38
33
31
32
30
31
29
36
30
29
30
32
29
28
30
26
29
34
46
37
36
38
48
41
35
40
37
46
41
48
41
48
43